function bestChromosome = BestChromosome 
 bestChromosome = [0.894407 0.721151 0.1 0.5 0 0.995902 0.9 0.5 0.661623 0.0497308 0.309754 0.496895 0.8 0.361089 0.12454 0.341158 0.7 0 0.741376 0.538918 0.908743 0.2 0.259512 0.41446 0.2 0.5 0.145663 0.5 0.721557 0 0.6 0.0602939 ];