function  bestChromosome = BestChromosome 
 bestChromosome = [2 4 15 10 3 5 3 12 2 3 13 6 4 9 1 3 3 10 9 7 4 8 9 18 1 1 1 8 1 3 6 7 1 1 1 8 1 1 1 16 3 6 8 17 2 5 1 12 2 5 9 10 2 2 5 12 2 10 13 8 2 3 5 11 1 2 2 3 4 7 11 1 4 8 13 10 3 8 7 2 1 7 8 9 1 4 1 8 1 7 4 7 4 1 17 7 1 1 1 6 4 9 10 10 1 9 10 2 1 7 4 7 3 9 14 18 3 8 6 11 1 4 1 6 2 1 1 8 3 6 9 4 2 8 2 5 4 7 7 7 1 4 1 9 4 4 2 3 3 6 13 9 2 9 6 15 3 7 5 17 3 6 17 5 1 10 14 4 1 10 2 4 4 2 10 5 3 6 16 17 1 10 16 14 1 2 5 13 1 9 6 12 2 2 13 12 1 5 10 6 2 4 4 16 2 3 1 14 3 9 12 14 4 9 6 11 4 8 8 16 3 2 14 18 3 7 6 10 2 10 16 17 3 8 2 3 4 4 16 12 4 8 10 1 1 3 11 3 4 2 4 7 3 2 6 4 1 4 14 1 1 6 9 1 2 8 3 6 4 5 18 1 3 10 12 1 4 7 10 14 2 6 10 1 ];